4429
10278
13699
8356
10520
10964
17302
9889
12267
3342
6214
5929
5632
11939
7805
11310
7549
5372
5946
10806
9947
11847
12239
6850
18232
5088
2583
12552
14370
8262
8165
13087
11470
18093
10205
8145
11811
6333
18457
15712
10216
13210
7281
8585
14751
16590
17150
15210
18419
14457
10173
10567
9864
10156
10588
12971
11118
10853
6134
12003
13376
15041
14171
17812
8468
11773
4230
13283
9974
12821
8247
4651
9145
89
7951
12007
4430
17034
3864
13982
7092
15825
16529
10491
9063
13830
8956
13190
2137
9533
11060
8338
11770
15148
12655
6660
12802
998
13093
4544
3513
6768
3289
-5190
-2774
8898
-248
8849
-265
664
5512
-945
284
3541
7519
4968
6391
3414
-3702
2628
3727
5287
-5733
2412
-756
2172
1983
-1710
-3324
-6608
-3373
-6455
-1296
-403
-2405
-6909
6095
-2427
887
-3358
-3902
1182
2103
-3627
3099
2508
1836
-3456
107
2097
7477
-7975
-2666
-1140
6596
3309
-5886
-979
5636
-1061
-1754
-663
-1285
1958
-8330
-6443
-1978
-4345
972
-7067
7299
-3159
-7039
-13
-2343
3107
2586
-2826
406
410
-1854
-27
-1391
3873
521
-3644
-7558
-3224
-1979
-777
2190
2310
-5244
-4670
-4635
-3908
-184
74
5915
-300
1818718
14957865
44211270
10721659
25743831
10258723
74824425
4871880
37602266
2682017
2057913
8565004
7909692
32500260
1095666
25808769
4035630
4300747
5412528
27465813
21263070
28099760
29231458
10276189
82958572
5292540
684900
38657151
48861981
6148745
13822524
32400636
32470321
81798560
24589500
4651686
25587674
8554140
84968520
58897695
22285263
43276744
12147588
15136774
51997050
67234509
72687901
54850041
84812028
51151860
11896100
12015216
22547735
25461184
17149632
39324340
22241232
29207292
1465365
35736572
43960215
56448028
49791504
78358395
579531
24272820
3495104
39389766
24633973
28608888
3684402
2913130
8520876
1938
14432188
33628650
3234376
70542720
3691415
48832056
11714787
62607474
67818240
23765238
20466632
44497541
5771643
40895481
162582
22568590
29381875
16046536
27758341
51913251
34666450
7270784
40964337
247632
34109856
5139484
8
4
1
0
0
9
0
18
0
1
16
0
1
1
53
2
12
4
0
1
2
2
0
2
0
2
7
0
0
0
0
0
0
0
0
0
3
0
1
0
0
1
1
0
1
1
1
0
1
1
6
0
0
0
4
1
0
0
23
0
0
0
0
1
0
0
0
0
1
0
16
0
0
0
0
1
3
0
1
1
0
0
0
2
1
0
0
0
0
0
1
1
0
0
0
0
0
1
2
0
